0 1
0 8
0 9
1 0
1 2
1 8
1 9
1 10
2 1
2 3
2 9
2 10
2 11
3 2
3 4
3 10
3 11
3 12
4 3
4 5
4 11
4 12
4 13
5 4
5 6
5 12
5 13
5 14
6 5
6 7
6 13
6 14
6 15
7 6
7 14
7 15
8 0
8 1
8 9
8 16
8 17
9 0
9 1
9 2
9 8
9 10
9 16
9 17
9 18
10 1
10 2
10 3
10 9
10 11
10 17
10 18
10 19
11 2
11 3
11 4
11 10
11 12
11 18
11 19
11 20
12 3
12 4
12 5
12 11
12 13
12 19
12 20
12 21
13 4
13 5
13 6
13 12
13 14
13 20
13 21
13 22
14 5
14 6
14 7
14 13
14 15
14 21
14 22
14 23
15 6
15 7
15 14
15 22
15 23
16 8
16 9
16 17
16 24
16 25
17 8
17 9
17 10
17 16
17 18
17 24
17 25
17 26
18 9
18 10
18 11
18 17
18 19
18 25
18 26
18 27
19 10
19 11
19 12
19 18
19 20
19 26
19 27
19 28
20 11
20 12
20 13
20 19
20 21
20 27
20 28
20 29
21 12
21 13
21 14
21 20
21 22
21 28
21 29
21 30
22 13
22 14
22 15
22 21
22 23
22 29
22 30
22 31
23 14
23 15
23 22
23 30
23 31
24 16
24 17
24 25
24 32
24 33
25 16
25 17
25 18
25 24
25 26
25 32
25 33
25 34
26 17
26 18
26 19
26 25
26 27
26 33
26 34
26 35
27 18
27 19
27 20
27 26
27 28
27 34
27 35
27 36
28 19
28 20
28 21
28 27
28 29
28 35
28 36
28 37
29 20
29 21
29 22
29 28
29 30
29 36
29 37
29 38
30 21
30 22
30 23
30 29
30 31
30 37
30 38
30 39
31 22
31 23
31 30
31 38
31 39
32 24
32 25
32 33
32 40
32 41
33 24
33 25
33 26
33 32
33 34
33 40
33 41
33 42
34 25
34 26
34 27
34 33
34 35
34 41
34 42
34 43
35 26
35 27
35 28
35 34
35 36
35 42
35 43
35 44
36 27
36 28
36 29
36 35
36 37
36 43
36 44
36 45
37 28
37 29
37 30
37 36
37 38
37 44
37 45
37 46
38 29
38 30
38 31
38 37
38 39
38 45
38 46
38 47
39 30
39 31
39 38
39 46
39 47
40 32
40 33
40 41
40 48
40 49
41 32
41 33
41 34
41 40
41 42
41 48
41 49
41 50
42 33
42 34
42 35
42 41
42 43
42 49
42 50
42 51
43 34
43 35
43 36
43 42
43 44
43 50
43 51
43 52
44 35
44 36
44 37
44 43
44 45
44 51
44 52
44 53
45 36
45 37
45 38
45 44
45 46
45 52
45 53
45 54
46 37
46 38
46 39
46 45
46 47
46 53
46 54
46 55
47 38
47 39
47 46
47 54
47 55
48 40
48 41
48 49
48 56
48 57
49 40
49 41
49 42
49 48
49 50
49 56
49 57
49 58
50 41
50 42
50 43
50 49
50 51
50 57
50 58
50 59
51 42
51 43
51 44
51 50
51 52
51 58
51 59
51 60
52 43
52 44
52 45
52 51
52 53
52 59
52 60
52 61
53 44
53 45
53 46
53 52
53 54
53 60
53 61
53 62
54 45
54 46
54 47
54 53
54 55
54 61
54 62
54 63
55 46
55 47
55 54
55 62
55 63
56 48
56 49
56 57
57 48
57 49
57 50
57 56
57 58
58 49
58 50
58 51
58 57
58 59
59 50
59 51
59 52
59 58
59 60
60 51
60 52
60 53
60 59
60 61
61 52
61 53
61 54
61 60
61 62
62 53
62 54
62 55
62 61
62 63
63 54
63 55
63 62
